1.5364774648526414
1.230675018028724
1.5364774648526414
1.0804582361202122
1.230675018028724
1.0804582361202122
1.5364774648526414
1.5304094223442302
1.5364774648526414
1.4554762107296706
1.5364774648526414
1.0902862009582621
1.5304094223442302
1.4554762107296706
1.5304094223442302
1.0902862009582621
1.4554762107296706
1.0902862009582621
1.0903251808520245
1.0902242888506932
1.0903251808520245
1.5304094223442302
1.0903251808520245
1.0902059438473082
1.0902242888506932
1.5304094223442302
1.0902242888506932
1.0902059438473082
1.5304094223442302
1.0902059438473082
1.0094285512110306
1.4554762107296706
1.47
1.0106680958653043
1.4554762107296706
1.47
1.5342392251536263
1.2272253256839187
1.5342392251536263
1.0798245227813636
1.2272253256839187
1.0798245227813636
1.5342392251536263
1.5417846801677595
1.5342392251536263
1.460546473070953
1.5342392251536263
1.0894902477764545
1.5417846801677595
1.460546473070953
1.5417846801677595
1.0894902477764545
1.460546473070953
1.0894902477764545
1.089230003259183
1.5280906386729811
1.089230003259183
1.5417846801677595
1.089230003259183
1.0906296346606394
1.5280906386729811
1.5417846801677595
1.5280906386729811
1.0906296346606394
1.5417846801677595
1.0906296346606394
1.3314762483799703
1.5280906386729811
1.3314762483799703
1.2254901060392125
1.5280906386729811
1.2254901060392125
1.00957070084269
1.460546473070953
1.00957070084269
1.010191071035574
1.460546473070953
1.010191071035574
1.3314762483799703
1.0091055445294115
1.3314762483799703
1.0104533635947777
1.0091055445294115
1.0104533635947777
1.536112951576153
1.2311173786442948
1.536112951576153
1.0807562167297489
1.2311173786442948
1.0807562167297489
1.536112951576153
1.5404759004930912
1.536112951576153
1.453853844098505
1.536112951576153
1.0899922018069672
1.5404759004930912
1.453853844098505
1.5404759004930912
1.0899922018069672
1.453853844098505
1.0899922018069672
1.0893952450786628
1.5311041767299831
1.0893952450786628
1.5404759004930912
1.0893952450786628
1.0899651370571444
1.5311041767299831
1.5404759004930912
1.5311041767299831
1.0899651370571444
1.5404759004930912
1.0899651370571444
1.5311041767299831
1.2524092781515155
1.5311041767299831
1.248751776775513
1.2524092781515155
1.248751776775513
1.0099321759405429
1.453853844098505
1.47
1.009913857712627
1.453853844098505
1.47
1.537293075506424
1.2296393780291845
1.537293075506424
1.0796897702581052
1.2296393780291845
1.0796897702581052
1.537293075506424
1.5396700945332413
1.537293075506424
1.4624435031822596
1.537293075506424
1.0900949499928896
1.5396700945332413
1.4624435031822596
1.5396700945332413
1.0900949499928896
1.4624435031822596
1.0900949499928896
1.0901288914619225
1.816690947849964
1.0901288914619225
1.5396700945332413
1.0901288914619225
1.0893176763460695
1.816690947849964
1.5396700945332413
1.816690947849964
1.0893176763460695
1.5396700945332413
1.0893176763460695
1.0103019350669384
1.4624435031822596
1.47
1.0102380907489086
1.4624435031822596
1.47
1.3357582116535913
1.816690947849964
1.536425396822117
1.2311592098506188
1.536425396822117
1.0802448796453514
1.2311592098506188
1.0802448796453514
1.536425396822117
1.5442386473599217
1.536425396822117
1.4567281832929573
1.536425396822117
1.0894154395821642
1.5442386473599217
1.4567281832929573
1.5442386473599217
1.0894154395821642
1.4567281832929573
1.0894154395821642
1.089603138761999
1.5376859237178444
1.089603138761999
1.5442386473599217
1.089603138761999
1.0896283770166781
1.5376859237178444
1.5442386473599217
1.5376859237178444
1.0896283770166781
1.5442386473599217
1.0896283770166781
1.3293291541224843
1.2259106819014183
1.3293291541224843
1.5225426102411714
1.2259106819014183
1.5225426102411714
1.5376859237178444
1.089806404826105
1.5376859237178444
1.089726571209494
1.5376859237178444
1.5225426102411714
1.089806404826105
1.089726571209494
1.089806404826105
1.5225426102411714
1.089726571209494
1.5225426102411714
1.0101588983917331
1.4567281832929573
1.47
1.0097618531119108
1.4567281832929573
1.47
1.3293291541224843
1.0098148345117532
1.3293291541224843
1.009733133060414
1.0098148345117532
1.009733133060414
1.5351762113842176
1.230912669526153
1.5351762113842176
1.079731911170546
1.230912669526153
1.079731911170546
1.5351762113842176
1.5386568818290842
1.5351762113842176
1.4492059894990774
1.5351762113842176
1.0894259956509207
1.5386568818290842
1.4492059894990774
1.5386568818290842
1.0894259956509207
1.4492059894990774
1.0894259956509207
1.089833473517858
1.5368936202613372
1.089833473517858
1.5386568818290842
1.089833473517858
1.089791264417182
1.5368936202613372
1.5386568818290842
1.5368936202613372
1.089791264417182
1.5386568818290842
1.089791264417182
1.5256087309661022
1.2490176139670728
1.5256087309661022
1.25114147881045
1.2490176139670728
1.25114147881045
1.0897541007034568
1.5256087309661022
1.0897541007034568
1.5368936202613372
1.0897541007034568
1.0898559537847192
1.5256087309661022
1.5368936202613372
1.5256087309661022
1.0898559537847192
1.5368936202613372
1.0898559537847192
1.0097960190058188
1.4492059894990774
1.47
1.0106448436518143
1.4492059894990774
1.47
1.0807747221322306
1.2292619737061747
1.0807747221322306
1.5286605247732408
1.2292619737061747
1.5286605247732408
1.0897637358620444
1.0897582300675688
1.0897637358620444
1.5286605247732408
1.0897637358620444
1.4561603620480816
1.0897582300675688
1.5286605247732408
1.0897582300675688
1.4561603620480816
1.5286605247732408
1.4561603620480816
1.0097776983078999
1.47
1.0097776983078999
1.4561603620480816
1.47
1.4561603620480816
1.5395223285162187
1.232659320331453
1.5395223285162187
1.0794484702847098
1.232659320331453
1.0794484702847098
1.5395223285162187
1.540569699818869
1.5395223285162187
1.4577355727291559
1.5395223285162187
1.090224747471823
1.540569699818869
1.4577355727291559
1.540569699818869
1.090224747471823
1.4577355727291559
1.090224747471823
1.0903554466319687
1.5118207565713602
1.0903554466319687
1.540569699818869
1.0903554466319687
1.0894122268452837
1.5118207565713602
1.540569699818869
1.5118207565713602
1.0894122268452837
1.540569699818869
1.0894122268452837
1.3745377404785943
1.3897082427617677
1.3745377404785943
1.079350730763638
1.3897082427617677
1.079350730763638
1.332575326201112
1.0791376186566755
1.332575326201112
1.3436178772255154
1.0791376186566755
1.3436178772255154
1.3349378262675757
1.5118207565713602
1.3349378262675757
1.3745377404785943
1.5118207565713602
1.3745377404785943
1.010247494428964
1.4577355727291559
1.47
1.0106680958653043
1.4577355727291559
1.47
1.3349378262675757
1.0101752323235806
1.3349378262675757
1.3436178772255154
1.0101752323235806
1.3436178772255154
1.332575326201112
1.3897082427617677
1.5397220528394078
1.232659320331453
1.5397220528394078
1.0800675904775592
1.232659320331453
1.0800675904775592
1.5397220528394078
1.5396694450433184
1.5397220528394078
1.4582630078281493
1.5397220528394078
1.0901536588940113
1.5396694450433184
1.4582630078281493
1.5396694450433184
1.0901536588940113
1.4582630078281493
1.0901536588940113
1.090355446631969
1.5118207565713602
1.090355446631969
1.5396694450433184
1.090355446631969
1.0894122268452837
1.5118207565713602
1.5396694450433184
1.5118207565713602
1.0894122268452837
1.5396694450433184
1.0894122268452837
1.3745377404785946
1.390220845765161
1.3745377404785946
1.0793507307636383
1.390220845765161
1.0793507307636383
1.331622318827677
1.0796411440844593
1.331622318827677
1.3436178772255152
1.0796411440844593
1.3436178772255152
1.5118207565713602
1.3745377404785946
1.5118207565713602
1.3349378262675755
1.3745377404785946
1.3349378262675755
1.0095707008426897
1.4582630078281493
1.47
1.0107160827848738
1.4582630078281493
1.47
1.3436178772255152
1.3349378262675755
1.331622318827677
1.0102702608708225
1.331622318827677
1.390220845765161
1.0102702608708225
1.390220845765161
1.5397220528394078
1.2328949671403482
1.5397220528394078
1.0800675904775592
1.2328949671403482
1.0800675904775592
1.5397220528394078
1.5396694450433184
1.5397220528394078
1.459128849690801
1.5397220528394078
1.0901536588940113
1.5396694450433184
1.459128849690801
1.5396694450433184
1.0901536588940113
1.459128849690801
1.0901536588940113
1.0903554466319687
1.5112256615079032
1.0903554466319687
1.5396694450433184
1.0903554466319687
1.0894122268452837
1.5112256615079032
1.5396694450433184
1.5112256615079032
1.0894122268452837
1.5396694450433184
1.0894122268452837
1.3750683619369621
1.3892278430840637
1.3750683619369621
1.079350730763638
1.3892278430840637
1.079350730763638
1.332575326201112
1.0799194414399622
1.332575326201112
1.3422171955387847
1.0799194414399622
1.3422171955387847
1.5112256615079032
1.3750683619369621
1.5112256615079032
1.3354793147031518
1.3750683619369621
1.3354793147031518
1.0101588983917336
1.459128849690801
1.47
1.009766804762367
1.459128849690801
1.47
1.011026211331833
1.3422171955387847
1.011026211331833
1.3354793147031518
1.3422171955387847
1.3354793147031518
1.332575326201112
1.0102702608708223
1.332575326201112
1.3892278430840637
1.0102702608708223
1.3892278430840637
1.5397220528394078
1.232659320331453
1.5397220528394078
1.0800675904775592
1.232659320331453
1.0800675904775592
1.5397220528394078
1.5396694450433184
1.5397220528394078
1.4582630078281493
1.5397220528394078
1.0901536588940113
1.5396694450433184
1.4582630078281493
1.5396694450433184
1.0901536588940113
1.4582630078281493
1.0901536588940113
1.090355446631969
1.5118207565713602
1.090355446631969
1.5396694450433184
1.090355446631969
1.0894122268452837
1.5118207565713602
1.5396694450433184
1.5118207565713602
1.0894122268452837
1.5396694450433184
1.0894122268452837
1.3745377404785946
1.390220845765161
1.3745377404785946
1.0793507307636383
1.390220845765161
1.0793507307636383
1.331622318827677
1.0796411440844593
1.331622318827677
1.3436178772255152
1.0796411440844593
1.3436178772255152
1.5118207565713602
1.3745377404785946
1.5118207565713602
1.3349378262675755
1.3745377404785946
1.3349378262675755
1.0095707008426897
1.4582630078281493
1.47
1.0107160827848738
1.4582630078281493
1.47
1.3436178772255152
1.3349378262675755
1.331622318827677
1.0102702608708225
1.331622318827677
1.390220845765161
1.0102702608708225
1.390220845765161
1.2309142943357188
1.0802467310758221
1.2309142943357188
1.537481382001096
1.0802467310758221
1.537481382001096
1.0897641946769954
1.4624435031822596
1.0897641946769954
1.537481382001096
1.0897641946769954
1.5553327618230128
1.4624435031822596
1.537481382001096
1.4624435031822596
1.5553327618230128
1.537481382001096
1.5553327618230128
1.5428353768305936
1.0895476125438484
1.5428353768305936
1.5396788626203841
1.5428353768305936
1.5553327618230128
1.0895476125438484
1.5396788626203841
1.0895476125438484
1.5553327618230128
1.5396788626203841
1.5553327618230128
1.5369297316403245
1.0899032067114949
1.5369297316403245
1.0908537940530803
1.5369297316403245
1.090188057171789
1.0899032067114949
1.0908537940530803
1.0899032067114949
1.090188057171789
1.0908537940530803
1.090188057171789
1.5428353768305936
1.5369297316403245
1.5428353768305936
1.0903091304763068
1.5428353768305936
1.0895393522034897
1.5369297316403245
1.0903091304763068
1.5369297316403245
1.0895393522034897
1.0903091304763068
1.0895393522034897
1.0901105448531354
1.0893401672572254
1.0901105448531354
1.0895324685386845
1.0901105448531354
1.5396788626203841
1.0893401672572254
1.0895324685386845
1.0893401672572254
1.5396788626203841
1.0895324685386845
1.5396788626203841
1.00957070084269
1.4624435031822596
1.47
1.0097668047623667
1.4624435031822596
1.47
1.5261667667722294
1.232394011669969
1.5261667667722294
1.0800541653083886
1.232394011669969
1.0800541653083886
1.5261667667722294
1.5522451481644257
1.5261667667722294
1.0906938158805155
1.5261667667722294
1.4515953292843014
1.5522451481644257
1.0906938158805155
1.5522451481644257
1.4515953292843014
1.0906938158805155
1.4515953292843014
1.0897288653605537
1.5489951581589918
1.0897288653605537
1.090573243757612
1.0897288653605537
1.5522451481644257
1.5489951581589918
1.090573243757612
1.5489951581589918
1.5522451481644257
1.090573243757612
1.5522451481644257
1.5265287419501803
1.0898504484561173
1.5265287419501803
1.0898426491929925
1.5265287419501803
1.090713527925642
1.0898504484561173
1.0898426491929925
1.0898504484561173
1.090713527925642
1.0898426491929925
1.090713527925642
1.0896756398121414
1.090338020982484
1.0896756398121414
1.090009632984957
1.0896756398121414
1.5284194450477264
1.090338020982484
1.090009632984957
1.090338020982484
1.5284194450477264
1.090009632984957
1.5284194450477264
1.5265287419501803
1.5489951581589918
1.5265287419501803
1.0901967712298548
1.5265287419501803
1.5284194450477264
1.5489951581589918
1.0901967712298548
1.5489951581589918
1.5284194450477264
1.0901967712298548
1.5284194450477264
1.009932175940543
1.4515953292843014
1.47
1.0102851082738973
1.4515953292843014
1.47
1.5345673657418888
1.0796323448285532
1.5345673657418888
1.2311592098506188
1.0796323448285532
1.2311592098506188
1.5345673657418888
1.532207884067955
1.5345673657418888
1.0898779748210345
1.5345673657418888
1.4554727754238483
1.532207884067955
1.0898779748210345
1.532207884067955
1.4554727754238483
1.0898779748210345
1.4554727754238483
1.0897770414171881
1.5315345245863705
1.0897770414171881
1.0897430889893267
1.0897770414171881
1.532207884067955
1.5315345245863705
1.0897430889893267
1.5315345245863705
1.532207884067955
1.0897430889893267
1.532207884067955
1.534722776269382
1.0896141518904754
1.534722776269382
1.0903834188027623
1.534722776269382
1.5335664315574988
1.0896141518904754
1.0903834188027623
1.0896141518904754
1.5335664315574988
1.0903834188027623
1.5335664315574988
1.0902967485964543
1.534722776269382
1.0902967485964543
1.473937583481743
1.0902967485964543
1.0901380646505288
1.534722776269382
1.473937583481743
1.534722776269382
1.0901380646505288
1.473937583481743
1.0901380646505288
1.090003669718593
1.5315345245863705
1.090003669718593
1.5335664315574988
1.090003669718593
1.0903921312995615
1.5315345245863705
1.5335664315574988
1.5315345245863705
1.0903921312995615
1.5335664315574988
1.0903921312995615
1.0101588983917333
1.4554727754238483
1.47
1.0097668047623671
1.4554727754238483
1.47
1.0097930481044124
1.0098658326728358
1.0097930481044124
1.0102613523242387
1.0097930481044124
1.473937583481743
1.0098658326728358
1.0102613523242387
1.0098658326728358
1.473937583481743
1.0102613523242387
1.473937583481743
1.5382685071209123
1.2313070291361128
1.5382685071209123
1.0801749858240561
1.2313070291361128
1.0801749858240561
1.5382685071209123
1.5442655212106497
1.5382685071209123
1.4583315809513282
1.5382685071209123
1.0896531558252838
1.5442655212106497
1.4583315809513282
1.5442655212106497
1.0896531558252838
1.4583315809513282
1.0896531558252838
1.0898715520647377
1.5376800707559424
1.0898715520647377
1.5442655212106497
1.0898715520647377
1.0908148330491294
1.5376800707559424
1.5442655212106497
1.5376800707559424
1.0908148330491294
1.5442655212106497
1.0908148330491294
1.8105214718417455
1.0897155592171748
1.8105214718417455
1.089994954116761
1.8105214718417455
1.0899811924982923
1.0897155592171748
1.089994954116761
1.0897155592171748
1.0899811924982923
1.089994954116761
1.0899811924982923
1.09012659815271
1.810769449709156
1.09012659815271
1.5376800707559424
1.09012659815271
1.090572326808268
1.810769449709156
1.5376800707559424
1.810769449709156
1.090572326808268
1.5376800707559424
1.090572326808268
1.00957070084269
1.4583315809513282
1.47
1.0102361110156375
1.4583315809513282
1.47
1.8105214718417455
1.810769449709156
1.5267154286244702
1.0797434880563066
1.5267154286244702
1.2309573510077432
1.0797434880563066
1.2309573510077432
1.5267154286244702
1.5343027732491394
1.5267154286244702
1.0904077219095618
1.5267154286244702
1.450525422045405
1.5343027732491394
1.0904077219095618
1.5343027732491394
1.450525422045405
1.0904077219095618
1.450525422045405
1.0905365651824792
1.512521404807218
1.0905365651824792
1.0897128062017072
1.0905365651824792
1.5343027732491394
1.512521404807218
1.0897128062017072
1.512521404807218
1.5343027732491394
1.0897128062017072
1.5343027732491394
1.4053985199935286
1.0796267873668195
1.4053985199935286
1.4064217006289403
1.0796267873668195
1.4064217006289403
1.4047095785250414
1.0801175861914294
1.4047095785250414
1.4069633968231015
1.0801175861914294
1.4069633968231015
1.4050999964415343
1.080097217846616
1.4050999964415343
1.4053985199935286
1.080097217846616
1.4053985199935286
1.4067494446417956
1.0794137297625965
1.4067494446417956
1.4069633968231015
1.0794137297625965
1.4069633968231015
1.4047095785250414
1.512521404807218
1.4047095785250414
1.4064217006289403
1.512521404807218
1.4064217006289403
1.4050999964415343
1.0799694440121907
1.4050999964415343
1.4067494446417956
1.0799694440121907
1.4067494446417956
1.009932175940543
1.450525422045405
1.47
1.0098460278676151
1.450525422045405
1.47
1.5359654944040897
1.0800944403152903
1.5359654944040897
1.231063767641628
1.0800944403152903
1.231063767641628
1.5306269957112346
1.0898738459106172
1.5306269957112346
1.4614431223964894
1.5306269957112346
1.5359654944040897
1.0898738459106172
1.4614431223964894
1.0898738459106172
1.5359654944040897
1.4614431223964894
1.5359654944040897
1.5306269957112346
1.0899619259405349
1.5306269957112346
1.0899802750508838
1.5306269957112346
1.518442952501015
1.0899619259405349
1.0899802750508838
1.0899619259405349
1.518442952501015
1.0899802750508838
1.518442952501015
1.089892196503856
1.4579495876058266
1.089892196503856
1.5212235207227107
1.089892196503856
1.090273818818007
1.4579495876058266
1.5212235207227107
1.4579495876058266
1.090273818818007
1.5212235207227107
1.090273818818007
1.0899146755595137
1.518442952501015
1.0899146755595137
1.0900188071771972
1.0899146755595137
1.5212235207227107
1.518442952501015
1.0900188071771972
1.518442952501015
1.5212235207227107
1.0900188071771972
1.5212235207227107
1.4579495876058266
1.4614431223964894
1.4579495876058266
1.0102202730098024
1.4614431223964894
1.47
1.5382889845539427
1.0798305422611456
1.5382889845539427
1.2318887936822867
1.0798305422611456
1.2318887936822867
1.5382889845539427
1.5468787929246426
1.5382889845539427
1.0902797806067945
1.5382889845539427
1.4573980238767994
1.5468787929246426
1.0902797806067945
1.5468787929246426
1.4573980238767994
1.0902797806067945
1.4573980238767994
1.0900706399128453
1.5448967603047137
1.0900706399128453
1.0894980495622744
1.0900706399128453
1.5468787929246426
1.5448967603047137
1.0894980495622744
1.5448967603047137
1.5468787929246426
1.0894980495622744
1.5468787929246426
1.089578358815923
1.4663894434971905
1.089578358815923
1.0897582300675688
1.089578358815923
1.529277280286345
1.4663894434971905
1.0897582300675688
1.4663894434971905
1.529277280286345
1.0897582300675688
1.529277280286345
1.089949540116422
1.5448967603047137
1.089949540116422
1.529277280286345
1.089949540116422
1.090386170125062
1.5448967603047137
1.529277280286345
1.5448967603047137
1.090386170125062
1.529277280286345
1.090386170125062
1.3451709928481212
1.347476530407858
1.3451709928481212
1.3516985610704777
1.347476530407858
1.3516985610704777
1.4573980238767994
1.0102380907489084
1.4573980238767994
1.47
1.0102380907489084
1.47
1.3451709928481212
1.0099014803435038
1.3451709928481212
1.4663894434971905
1.0099014803435038
1.4663894434971905
1.0098168150709315
1.3516985610704777
1.0098168150709315
1.0098381058367725
1.3516985610704777
1.0098381058367725
1.0097930481044124
1.010858545989497
1.0097930481044124
1.347476530407858
1.010858545989497
1.347476530407858
1.5377184397671766
1.2290956024654878
1.5377184397671766
1.079786552981653
1.2290956024654878
1.079786552981653
1.5377184397671766
1.5338598371428858
1.5377184397671766
1.4523560169600291
1.5377184397671766
1.089731159506784
1.5338598371428858
1.4523560169600291
1.5338598371428858
1.089731159506784
1.4523560169600291
1.089731159506784
1.090373789120043
1.4330641995388762
1.090373789120043
1.5338598371428858
1.090373789120043
1.0895035566715696
1.4330641995388762
1.5338598371428858
1.4330641995388762
1.0895035566715696
1.5338598371428858
1.0895035566715696
1.010748732376153
1.4523560169600291
1.47
1.0098683082461792
1.4523560169600291
1.47
0.9605232948762875
1.4330641995388762
1.533353840442577
1.2333770712965277
1.533353840442577
1.0800782379068656
1.2333770712965277
1.0800782379068656
1.533353840442577
1.5455406820915456
1.533353840442577
1.4528657887086471
1.533353840442577
1.0890422397685042
1.5455406820915456
1.4528657887086471
1.5455406820915456
1.0890422397685042
1.4528657887086471
1.0890422397685042
1.0897802530785736
1.5331907904758622
1.0897802530785736
1.5455406820915456
1.0897802530785736
1.4310688313285285
1.5331907904758622
1.5455406820915456
1.5331907904758622
1.4310688313285285
1.5455406820915456
1.4310688313285285
1.5331907904758622
1.0907891638625677
1.5331907904758622
1.0896646273051172
1.5331907904758622
1.0895030977468583
1.0907891638625677
1.0896646273051172
1.0907891638625677
1.0895030977468583
1.0896646273051172
1.0895030977468583
1.0107487323761528
1.4528657887086471
1.47
1.0107249873234558
1.4528657887086471
1.47
1.4310688313285285
0.9604181381044404
1.537566258734888
1.079516095294554
1.537566258734888
1.231766617505118
1.079516095294554
1.231766617505118
1.537566258734888
1.5372745363141875
1.537566258734888
1.0894191112698546
1.537566258734888
1.456856204297459
1.5372745363141875
1.0894191112698546
1.5372745363141875
1.456856204297459
1.0894191112698546
1.456856204297459
1.4988508931845088
1.0899651370571446
1.4988508931845088
1.0891051372571887
1.4988508931845088
1.5372745363141875
1.0899651370571446
1.0891051372571887
1.0899651370571446
1.5372745363141875
1.0891051372571887
1.5372745363141875
1.3811491592148908
1.0807867504739315
1.3811491592148908
1.3523923247342098
1.0807867504739315
1.3523923247342098
1.4593221028957246
1.4238869337134885
1.4593221028957246
1.4086692301601538
1.4238869337134885
1.4086692301601538
1.3787534224798863
1.4238869337134885
1.3787534224798863
1.4028520948410774
1.4238869337134885
1.4028520948410774
1.406633925369355
1.4086692301601538
1.406633925369355
1.08018007757966
1.4086692301601538
1.08018007757966
1.4593221028957246
1.4988508931845088
1.4593221028957246
1.3523923247342098
1.4988508931845088
1.3523923247342098
1.0802134048418397
1.404146003804448
1.0802134048418397
1.4061884653203494
1.404146003804448
1.4061884653203494
1.0807039372557126
1.404146003804448
1.0807039372557126
1.4028520948410774
1.404146003804448
1.4028520948410774
1.0797082939386915
1.406633925369355
1.0797082939386915
1.4061884653203494
1.406633925369355
1.4061884653203494
1.456856204297459
1.0102460096431958
1.456856204297459
1.47
1.0102460096431958
1.47
1.3787534224798863
1.0107571419485495
1.3787534224798863
1.3811491592148908
1.0107571419485495
1.3811491592148908
1.5378393934348282
1.079430405352749
1.5378393934348282
1.2295617105294063
1.079430405352749
1.2295617105294063
1.5378393934348282
1.5396551561956981
1.5378393934348282
1.0902467610591648
1.5378393934348282
1.4586024132710054
1.5396551561956981
1.0902467610591648
1.5396551561956981
1.4586024132710054
1.0902467610591648
1.4586024132710054
1.0904962173249388
1.5163139516604072
1.0904962173249388
1.0906681438457804
1.0904962173249388
1.5396551561956981
1.5163139516604072
1.0906681438457804
1.5163139516604072
1.5396551561956981
1.0906681438457804
1.5396551561956981
1.4068056013536485
1.0803411498225919
1.4068056013536485
1.4054586440020211
1.0803411498225919
1.4054586440020211
1.405527303185534
1.0807594551980564
1.405527303185534
1.4056304635287327
1.0807594551980564
1.4056304635287327
1.4061884653203496
1.0797939618279033
1.4061884653203496
1.4054586440020211
1.0797939618279033
1.4054586440020211
1.4069164865051516
1.0794841360575895
1.4069164865051516
1.405527303185534
1.0794841360575895
1.405527303185534
1.4068056013536485
1.5163139516604072
1.4068056013536485
1.4056304635287327
1.5163139516604072
1.4056304635287327
1.4069164865051516
1.3641506515044441
1.4069164865051516
1.4061884653203496
1.3641506515044441
1.4061884653203496
1.0101588983917333
1.4586024132710054
1.47
1.010198000393982
1.4586024132710054
1.47
0.960045832239274
1.3641506515044441
1.2305580035089771
1.0796392916154915
1.2305580035089771
1.5380282832249867
1.0796392916154915
1.5380282832249867
1.5504995969041722
1.464007513641921
1.5504995969041722
1.0897641946769954
1.5504995969041722
1.5380282832249867
1.464007513641921
1.0897641946769954
1.464007513641921
1.5380282832249867
1.0897641946769954
1.5380282832249867
1.0903366452614531
1.5302486726019402
1.0903366452614531
1.5504995969041722
1.0903366452614531
1.5348814286452228
1.5302486726019402
1.5504995969041722
1.5302486726019402
1.5348814286452228
1.5504995969041722
1.5348814286452228
1.5302486726019402
1.0900972433686822
1.5302486726019402
1.089901830441623
1.5302486726019402
1.0893603627817563
1.0900972433686822
1.089901830441623
1.0900972433686822
1.0893603627817563
1.089901830441623
1.0893603627817563
1.5348814286452228
1.0901999816547423
1.5348814286452228
1.0903334352389638
1.5348814286452228
1.0899605497448062
1.0901999816547423
1.0903334352389638
1.0901999816547423
1.0899605497448062
1.0903334352389638
1.0899605497448062
1.0103915082778558
1.464007513641921
1.47
1.0106680958653043
1.464007513641921
1.47
1.2305580035089771
1.0796392916154915
1.2305580035089771
1.5380282832249867
1.0796392916154915
1.5380282832249867
1.5504995969041722
1.464007513641921
1.5504995969041722
1.0897641946769954
1.5504995969041722
1.5380282832249867
1.464007513641921
1.0897641946769954
1.464007513641921
1.5380282832249867
1.0897641946769954
1.5380282832249867
1.0903366452614531
1.5302486726019402
1.0903366452614531
1.5504995969041722
1.0903366452614531
1.5348814286452228
1.5302486726019402
1.5504995969041722
1.5302486726019402
1.5348814286452228
1.5504995969041722
1.5348814286452228
1.5302486726019402
1.0900972433686822
1.5302486726019402
1.089901830441623
1.5302486726019402
1.0893603627817563
1.0900972433686822
1.089901830441623
1.0900972433686822
1.0893603627817563
1.089901830441623
1.0893603627817563
1.5348814286452228
1.0901999816547423
1.5348814286452228
1.0903334352389638
1.5348814286452228
1.0899605497448062
1.0901999816547423
1.0903334352389638
1.0901999816547423
1.0899605497448062
1.0903334352389638
1.0899605497448062
1.0103915082778558
1.464007513641921
1.47
1.0106680958653043
1.464007513641921
1.47
