121.24951609895048
118.78294192047163
119.96754089210341
112.95750441999141
109.7661620302126
112.4824773758409
108.74176371646341
103.13487689780658
109.52101781853617
109.37447133929453
109.49345110560027
109.4460521104926
109.5040346950506
109.4634661293723
109.54569427301236
117.09587197920332
105.48322436990709
109.48128241116517
121.37420075645109
118.55072724065207
120.0750650285558
113.88514159757472
109.11117752970368
114.63210693315384
110.7822831860087
98.55745348244142
109.49952081397248
105.78062065784088
109.52702939662649
109.46215728683748
116.59139290667488
105.73991001197574
109.50420775315872
116.89264037031705
121.26679977114749
121.80205135042257
117.35195179841438
105.37512630639601
109.4694768998654
119.99935828458302
119.96836959121933
120.03224972788767
121.93353682406249
118.12610691805803
119.94035524096147
114.10480808625267
109.43130858799852
113.71036288074392
108.82894869318278
100.87263834023501
109.53524615635894
106.06065330964239
109.53168119519101
109.4379086061014
116.10348084477978
106.01580680111837
109.48300778748396
117.15341937543583
116.92341799147282
125.8836723366457
115.27540485547237
106.480204768706
109.51988662006956
121.2877859692999
118.73740246391347
119.97481128338947
112.80724731545172
110.07416152535313
113.27106575555601
110.30004746016814
100.54855237671462
109.4852586668853
107.6298205513881
109.48636973626688
109.48241712357445
113.08766322166622
107.63353725809726
109.45001484960291
117.25514462387174
105.42802933183954
109.53326007922993
109.51501167209068
121.21810605728152
118.75993898059437
120.02195439978644
113.5608951989825
109.06258870896407
114.62548646916038
111.35499392880797
98.39094497118629
109.50040080664267
105.12795468481251
109.46803900029492
109.47489755068894
117.86998153326273
105.09306067963801
109.49603157138871
121.75493549864564
117.06347420233394
121.18062056886862
109.52387356960539
109.5333073228141
114.79595612844138
109.4479050119416
106.7053135870658
106.69107030380658
117.34066172498675
105.38546210230456
109.49240873326413
119.98777060258998
120.04023584746628
119.97199000398061
121.39264172769154
118.59947051854812
120.00787317931011
112.10450599624271
110.03160747742179
112.76289290278206
110.61533634304243
101.55005678938878
109.50854069261335
105.73609003973546
109.48543035397626
109.41469025261031
116.73501918747101
105.71301102379934
109.51122688221902
116.58307321068025
117.794889581519
125.62141036311515
105.98889774972945
109.4728640485546
109.41578077890554
116.26407207822488
105.98790116065611
109.4951723197713
116.44502210976727
105.83907962255162
109.4877830878984
119.98368580351242
120.2305728640666
119.78570645406344
109.46233392599714
108.17092545269888
109.51948433566726
108.17304762929234
109.49254377856455
111.97890701143362
105.64742563943022
109.45164167593839
116.92903396096213
121.38895069397579
118.62305751154555
119.98796263681977
114.3042234831292
109.8085417279215
113.91157886990051
108.78094648958522
100.07296678981265
109.50823495391974
105.81182157274529
109.48613209313613
109.4433990539251
116.49555188911731
105.84800079538807
109.52585262521143
109.2763023758707
120.0201067449132
130.7035136497869
128.93102791832254
111.0776992093048
119.99127166920113
122.5897547523507
106.22689161419612
131.18322925911792
117.12556944974544
105.44264528463486
109.5090662396855
120.05032141188795
108.85198457836387
131.09767418609118
104.5668815219896
121.41925415049415
118.56278933286984
120.01795626836399
114.34461489721171
109.72671000324262
113.90135237958751
108.79642029286671
100.13034404804262
109.49931064221656
105.81182157274527
109.4959955126535
109.44339905392508
116.4794962692259
105.84800079538807
109.53204298861
109.24121922755613
120.0201067449132
130.7385880586141
128.88651721489433
111.08983173684696
120.02364709358933
131.18322925911792
122.5897547523507
106.22689161419612
117.2077219986656
105.48950049273394
109.49111111747278
108.85198457836387
135.42435733706526
104.58985619888271
119.9857569040184
121.3866098722529
118.56278933286984
120.05059360466781
114.34461489721171
109.77011881792386
113.90135237958751
108.7656158318029
100.13034404804263
109.47940106330714
105.79020440013856
109.49599551265348
109.44339905392509
116.50914353336805
105.83823483405747
109.53204298860999
109.27352648733597
120.0066634768586
130.71980363125394
128.86914179153317
111.08169059312837
120.04915997249853
131.18984579133468
122.65238567825394
106.15775409748449
117.09199525771098
105.51645013461383
109.48559040609928
131.1649575659528
119.93145873059667
108.90357992566994
135.41224169334794
104.58303113379267
120.0047240254652
121.41925415049415
118.56278933286984
120.01795626836399
114.34461489721171
109.72671000324262
113.90135237958751
108.79642029286671
100.13034404804262
109.49931064221656
105.81182157274527
109.4959955126535
109.44339905392508
116.4794962692259
105.84800079538807
109.53204298861
109.24121922755613
120.0201067449132
130.7385880586141
128.88651721489433
111.08983173684696
120.02364709358933
131.18322925911792
122.5897547523507
106.22689161419612
117.2077219986656
105.48950049273394
109.49111111747278
108.85198457836387
135.42435733706526
104.58985619888271
119.9857569040184
120.01743729036534
121.28976157134134
118.69277812183202
109.51704162485497
115.2571241690573
97.38685677508276
108.5635052175541
111.75366485750627
114.02887023316137
112.28902230755281
111.39950192508641
111.23343991107645
100.95671000657988
109.48952186155313
111.05489589429891
109.53674624206508
109.46534104307182
109.5047682453623
109.42403092443365
109.45508564534968
109.44128188196012
118.1624629983159
109.46242401604815
109.49361425296534
104.93525126008547
104.99042730632675
109.46558144621224
109.42963361408961
109.45026351035861
109.50539004605942
109.48203367252805
109.46926370103515
109.49072248739412
117.23191175049402
105.46984355056539
109.45886289315582
119.72564365149691
120.29957878082115
119.97469646811436
114.0955828116788
115.58635295645288
107.26905910988683
97.99916525728429
112.31432836273864
109.46789342886869
103.07933650317364
109.41855679781024
109.53007552569615
103.04169905191347
121.6301282685826
109.51782407687342
109.48072997983154
109.54163670486989
109.47750409632741
109.4680058348624
109.39985711238049
109.45949457462183
109.45801131949364
109.44763632652105
109.51368164265476
109.41868164170738
109.51473315564022
109.47451680216773
112.25819254740304
111.1941415950231
110.462237848228
109.46315354021299
110.74508023714486
102.28420450894733
115.96396963271806
106.16292646056056
109.46708860426884
118.9114539325441
121.09692806973796
119.99160586821716
113.17526032811952
112.82603786807421
109.43356786590516
102.9641845975727
108.70505008565246
109.5043405594431
107.48778559541884
109.45909320206805
109.49024459113618
107.52398511038072
113.29639375681688
109.50285267195981
106.48726954667825
106.47416353436351
115.2582121802067
109.40103727706618
109.54781004756764
109.50444842517634
109.47878403893235
107.63878133807542
109.45944441814108
113.04064054133235
109.48322336066424
107.66882537484392
109.5501840771869
106.88811555217846
109.37148655206981
114.47284232371723
109.5147594345146
106.91049478287609
117.09085569975349
105.51645013461383
109.51323621739894
109.42775265935991
109.44324684825779
109.51058728696391
109.4905129275347
109.51753681732089
109.43767438220365
121.3044541442326
118.696149021074
119.99927741809918
113.60033869109718
109.46275480557271
114.6244698050791
111.22415110806327
97.97921533810172
109.51773603692966
104.9852746484449
109.5447160633747
109.39146137944199
118.11054868405358
105.00221183923853
109.46874655818736
109.52867268062332
109.46414560092514
109.47240774516577
109.48523221028093
109.443842138849
109.43298113503492
104.76800712466193
109.47313069299
109.40767899004462
118.56142939174508
104.79958257117106
109.4676048176161
117.56730788953934
105.28320462948061
109.4851055017319
99.0544934287555
120.39528747669085
119.56313370913915
120.04156789879089
111.76190528969605
112.20812109286452
108.23862285920372
104.63100481304453
110.47261762539958
109.50513681833131
106.37378947347968
109.44923842317938
109.43415076386962
106.39564707265242
115.52904332421846
109.48679777759506
119.99965359217454
120.00600873316412
119.99432404852983
120.02316734144033
120.01970275472115
119.95708580453143
119.99793811442494
120.02225769164639
119.97975649171708
120.04286763353284
119.93642658994362
120.02070329367434
120.16518494595766
120.00341526553592
119.83137437031662
120.0264883814113
120.01178850447548
119.96172002984753
116.04038721933595
106.12704196565828
109.49050887656993
119.31285149477684
120.71821953591845
119.96892867409746
109.73246980812047
103.60687532575105
112.95010077441759
109.47841109956163
109.88357338543307
111.00404841465874
109.48370148539729
109.46536546568012
103.58292623735363
109.4472658724794
112.32638089843991
112.3519592273295
109.4782848853523
111.6416587624917
109.40829502687964
105.14778357789079
109.46736867630484
111.5956513844972
112.8628461752294
109.41331716772281
109.47943314143566
112.83371741417221
102.47230948239614
109.5288902684151
111.01312590015908
109.55879711715095
108.65500173507372
118.56692827181666
121.42842219013356
120.00464677780651
114.19810027043918
114.75080440592929
109.34427965131243
98.03853813019927
110.55213555856248
109.50135343879774
104.15802784373766
109.44719223638324
109.48967243038548
104.21151497383006
119.59714656407071
109.49607421121041
108.01629987196931
109.46444807624458
109.50472407619108
108.04048512334116
112.31006519436932
109.45458710247368
109.51650235084864
104.49686951255701
109.41205364002397
118.96633436514405
109.53810669992593
104.5096765001245
118.47700221459624
120.29707041255959
121.22416100024219
109.50494662909485
117.22055609206657
105.40640250908889
120.0073497730448
124.69705994086578
115.29559010560006
119.96544873265894
120.05550247109986
119.97904646312145
119.96740606993271
120.08993349934248
119.9426497287974
121.06645979323066
118.87060842493828
120.06290859465498
113.20095302569369
110.51398937745023
111.61665242471084
106.53779944380013
105.21208224702822
109.49256346062108
109.21529819838672
109.48700866283994
109.43435647935425
109.8681248521078
109.29951183812669
109.52186392396365
115.51119685990425
106.3091237943205
109.55248956480071
109.47261066086692
119.74921928948925
120.23084635400807
120.01992383786522
113.47823182772348
107.44969833759656
114.51176877692512
111.46915040629135
100.35423477700202
109.51425408418685
105.3038067865183
109.50235299028463
110.80757488542241
113.4012880035953
108.80020241244294
108.99431410358511
109.49485542450478
109.54763014624203
109.50438994191875
109.38646502294246
109.44808866619121
109.44578186564723
115.89103612095475
106.15840645160553
109.49896795980275
109.51502291470834
118.92439388691423
121.05763945134697
120.01796584249075
113.36062042187343
113.04438422401509
109.77223715537298
101.98044039993519
108.82999050056844
109.54880244627722
105.47299462539362
105.44746244563464
117.14915452772155
109.4924395890568
109.4552914865102
109.5575036841688
130.88295201496385
109.12247281517972
119.99457516717709
108.24299990251428
134.79803387002383
116.95859768962822
104.52718468216689
133.09970232798287
122.37294496496538
121.33118166609071
118.71233049292384
119.95643334331176
128.42248444206265
106.30386914648096
125.27360279513363
120.06074996848403
120.17913789339829
119.76011213480825
120.76955575943134
120.03435448058026
119.19608725208344
120.019379956372
119.6015289663972
120.37908144292496
109.55393151635201
116.9190196645072
105.59177543754225
128.2386423053833
111.80186500809944
119.95947922211673
118.58958331135489
121.34010641467196
120.07030311641101
113.8632439738595
113.77404851016045
109.70227604109827
100.30662202143908
109.2951895656603
109.5066175075226
105.45333470189567
109.39451921885569
109.54686070324911
105.4128844448856
117.25765495079527
109.4934445574445
119.99547331121951
120.17919398361396
119.82532278290927
119.82135305086278
120.18814360373108
119.99049746106613
119.92661233281763
120.02501400092106
120.04836352778766
119.9611061792967
120.02302872799464
120.01586419341179
119.97440120627566
119.71984399964182
120.29854864039935
120.2128833590875
119.85824850974902
119.9286857328119
117.0404741697281
105.55266722918971
109.46218524416392
109.50737020186038
120.00311811605513
121.26287639855197
118.73400543955299
110.84853950983258
97.7472014301491
114.24517059597065
109.4902422791996
109.09640182565859
114.98206777668202
110.26286497638013
109.4785836659148
106.92440417331485
109.02762966959622
108.9071650178792
112.22129852943218
109.4396761212429
109.50094635306722
109.46644198222896
109.47741023725331
109.45473053549365
109.48809789558467
109.43062613544494
109.47364709242588
109.50499240122969
109.47024089321079
109.43329487156313
109.51448033314179
117.27167340034306
105.40989013813187
109.48245169780981
