6.1
6.11
8.1
6.11
7.2
8.1
7.2
6.11
6.1
6.12
6.1
7.1
6.1
1.11
6.12
7.1
6.12
1.11
7.1
1.11
6.12
1.123
1.121
1.123
6.11
1.123
1.122
1.121
6.11
1.121
1.122
6.11
1.122
7.1
1.1
6.11
6.0
1.1
6.11
6.0
6.1
6.11
8.1
6.11
7.2
8.1
7.2
6.11
6.1
6.12
6.1
7.1
6.1
1.11
6.12
7.1
6.12
1.11
7.1
1.11
6.12
1.123
6.15
1.123
6.11
1.123
1.122
6.15
6.11
6.15
1.122
6.11
1.122
6.15
7.132
6.12
7.132
8.131
6.12
8.131
7.1
1.102
6.11
1.102
1.101
6.11
1.101
7.132
6.15
1.1321
6.15
1.1322
1.1321
1.1322
6.1
6.11
8.1
6.11
7.2
8.1
7.2
6.11
6.1
6.12
6.1
7.1
6.1
1.11
6.12
7.1
6.12
1.11
7.1
1.11
6.12
1.123
6.15
1.123
6.11
1.123
1.122
6.15
6.11
6.15
1.122
6.11
1.122
6.15
6.12
8.131
6.12
8.132
8.131
8.132
7.1
1.1
6.11
6.0
1.1
6.11
6.0
6.1
6.11
8.1
6.11
7.2
8.1
7.2
6.11
6.1
6.12
6.1
7.1
6.1
1.11
6.12
7.1
6.12
1.11
7.1
1.11
6.12
1.123
16.15
1.123
6.11
1.123
1.122
16.15
6.11
16.15
1.122
6.11
1.122
7.1
1.1
6.11
6.0
1.1
6.11
6.0
16.15
1.15
6.12
6.1
6.11
8.1
6.11
7.2
8.1
7.2
6.11
6.1
6.12
6.1
7.1
6.1
1.11
6.12
7.1
6.12
1.11
7.1
1.11
6.12
1.123
6.15
1.123
6.11
1.123
1.122
6.15
6.11
6.15
1.122
6.11
1.122
6.13
7.142
8.141
7.142
6.15
8.141
6.15
6.15
6.12
1.153
6.12
1.152
6.12
6.13
1.153
1.152
1.153
6.13
1.152
6.13
7.1
1.1
6.11
6.0
1.1
6.11
6.0
7.142
6.13
1.1422
6.13
1.1421
1.1422
1.1421
6.1
6.11
8.1
6.11
7.2
8.1
7.2
6.11
6.1
6.12
6.1
7.1
6.1
1.11
6.12
7.1
6.12
1.11
7.1
1.11
6.12
1.123
6.15
1.123
6.11
1.123
1.122
6.15
6.11
6.15
1.122
6.11
1.122
6.13
6.15
8.142
6.15
8.141
8.142
8.141
6.15
1.152
6.13
1.152
6.12
1.152
1.153
6.13
6.12
6.13
1.153
6.12
1.153
7.1
1.1
6.11
6.0
1.1
6.11
6.0
6.1
7.2
8.1
7.2
6.11
8.1
6.11
6.11
1.113
1.112
1.113
6.1
1.113
7.1
1.112
6.1
1.112
7.1
6.1
7.1
7.1
1.1
6.0
1.1
6.11
6.0
6.11
6.1
6.11
8.1
6.11
7.2
8.1
7.2
6.11
6.1
6.12
6.1
7.1
6.1
1.11
6.12
7.1
6.12
1.11
7.1
1.11
6.12
1.123
6.15
1.123
6.11
1.123
1.122
6.15
6.11
6.15
1.122
6.11
1.122
6.132
6.15
7.142
6.15
1.132
7.142
1.132
6.141
7.142
1.141
7.142
7.131
1.141
7.131
6.15
7.131
6.12
7.131
6.132
6.12
6.132
7.1
1.1
6.11
6.0
1.1
6.11
6.0
7.131
6.15
1.131
6.15
6.141
1.131
6.141
7.142
6.141
6.132
6.1
6.11
8.1
6.11
7.2
8.1
7.2
6.11
6.1
6.12
6.1
7.1
6.1
1.11
6.12
7.1
6.12
1.11
7.1
1.11
6.12
1.123
6.15
1.123
6.11
1.123
1.122
6.15
6.11
6.15
1.122
6.11
1.122
6.132
6.15
7.142
6.15
1.132
7.142
1.132
6.141
7.142
1.141
7.142
7.131
1.141
7.131
6.15
6.12
6.132
6.12
7.131
6.132
7.131
7.1
1.1
6.11
6.0
1.1
6.11
6.0
7.131
6.141
6.15
7.142
6.141
1.142
6.141
6.132
1.142
6.132
6.1
6.11
8.1
6.11
7.2
8.1
7.2
6.11
6.1
6.12
6.1
7.1
6.1
1.11
6.12
7.1
6.12
1.11
7.1
1.11
6.12
1.123
6.15
1.123
6.11
1.123
1.122
6.15
6.11
6.15
1.122
6.11
1.122
6.132
6.15
7.142
6.15
1.132
7.142
1.132
6.141
7.142
1.141
7.142
7.131
1.141
7.131
6.15
6.12
6.132
6.12
7.131
6.132
7.131
7.1
1.1
6.11
6.0
1.1
6.11
6.0
7.131
1.131
6.141
1.131
6.15
6.141
6.15
7.142
6.141
1.142
6.141
6.132
1.142
6.132
6.1
6.11
8.1
6.11
7.2
8.1
7.2
6.11
6.1
6.12
6.1
7.1
6.1
1.11
6.12
7.1
6.12
1.11
7.1
1.11
6.12
1.123
6.15
1.123
6.11
1.123
1.122
6.15
6.11
6.15
1.122
6.11
1.122
6.132
6.15
7.142
6.15
1.132
7.142
1.132
6.141
7.142
1.141
7.142
7.131
1.141
7.131
6.15
6.12
6.132
6.12
7.131
6.132
7.131
7.1
1.1
6.11
6.0
1.1
6.11
6.0
7.131
6.141
6.15
7.142
6.141
1.142
6.141
6.132
1.142
6.132
6.1
8.1
7.2
8.1
6.11
7.2
6.11
6.11
1.11
7.1
1.11
6.1
1.11
6.12
7.1
6.1
7.1
6.12
6.1
6.12
6.12
6.151
1.12
6.151
6.152
6.151
6.11
1.12
6.152
1.12
6.11
6.152
6.11
6.131
6.151
1.1313
6.151
1.1312
6.151
1.1311
1.1313
1.1312
1.1313
1.1311
1.1312
1.1311
6.151
6.12
6.131
6.12
1.1512
6.12
1.1513
6.131
1.1512
6.131
1.1513
1.1512
1.1513
6.152
1.1523
1.1522
1.1523
1.1521
1.1523
6.12
1.1522
1.1521
1.1522
6.12
1.1521
6.12
7.1
1.1
6.11
6.0
1.1
6.11
6.0
6.1
6.11
8.1
6.11
7.2
8.1
7.2
6.11
6.1
6.12
6.1
1.11
6.1
7.1
6.12
1.11
6.12
7.1
1.11
7.1
6.12
1.123
6.15
1.123
1.122
1.123
6.11
6.15
1.122
6.15
6.11
1.122
6.11
6.131
6.15
1.1311
6.15
1.1313
6.15
1.1312
1.1311
1.1313
1.1311
1.1312
1.1313
1.1312
6.132
1.1322
1.1323
1.1322
1.1321
1.1322
6.15
1.1323
1.1321
1.1323
6.15
1.1321
6.15
6.15
6.131
6.12
6.131
1.15
6.131
6.132
6.12
1.15
6.12
6.132
1.15
6.132
7.1
1.1
6.11
6.0
1.1
6.11
6.0
6.1
6.11
7.2
6.11
8.1
7.2
8.1
6.11
6.1
6.12
6.1
1.11
6.1
7.1
6.12
1.11
6.12
7.1
1.11
7.1
6.12
1.123
6.15
1.123
1.122
1.123
6.11
6.15
1.122
6.15
6.11
1.122
6.11
6.13
6.14
1.133
6.14
1.132
6.14
6.15
1.133
1.132
1.133
6.15
1.132
6.15
6.14
1.143
6.13
1.143
7.16
1.143
1.142
6.13
7.16
6.13
1.142
7.16
1.142
6.15
1.152
6.12
1.152
6.13
1.152
1.153
6.12
6.13
6.12
1.153
6.13
1.153
7.1
1.1
6.11
6.0
1.1
6.11
6.0
7.16
1.162
1.161
1.162
1.163
1.162
6.14
1.161
1.163
1.161
6.14
1.163
6.14
6.1
6.11
8.1
6.11
7.2
8.1
7.2
6.11
6.1
6.12
6.1
7.1
6.1
1.11
6.12
7.1
6.12
1.11
7.1
1.11
6.12
1.123
6.15
1.123
6.11
1.123
1.122
6.15
6.11
6.15
1.122
6.11
1.122
6.14
16.13
1.143
16.13
1.142
16.13
1.141
1.143
1.142
1.143
1.141
1.142
1.141
6.15
1.152
16.13
1.152
6.12
1.152
1.153
16.13
6.12
16.13
1.153
6.12
1.153
7.1
1.1
6.11
6.0
1.1
6.11
6.0
16.13
6.14
6.15
6.1
6.11
7.2
6.11
8.1
7.2
8.1
6.11
6.1
6.12
6.1
1.11
6.1
7.1
6.12
1.11
6.12
7.1
1.11
7.1
6.12
1.123
6.15
1.123
1.122
1.123
6.11
6.15
1.122
6.15
6.11
1.122
6.11
6.131
6.141
1.131
6.141
6.15
1.131
6.15
6.132
6.15
1.132
6.15
6.142
1.132
6.142
6.141
6.16
1.141
6.16
6.131
1.141
6.131
6.142
6.16
1.142
6.16
6.132
1.142
6.132
6.15
6.132
6.12
6.132
6.131
6.12
6.131
6.16
6.141
1.16
6.141
6.142
1.16
6.142
7.1
1.1
6.11
6.0
1.1
6.11
6.0
6.1
6.11
7.2
6.11
8.1
7.2
8.1
6.11
6.12
1.11
6.12
7.1
6.12
6.1
1.11
7.1
1.11
6.1
7.1
6.1
6.12
6.11
1.123
6.11
1.122
6.11
6.15
1.123
1.122
1.123
6.15
1.122
6.15
6.13
1.132
7.1
1.132
6.15
1.132
1.133
7.1
6.15
7.1
1.133
6.15
1.133
6.15
1.153
6.12
1.153
1.152
1.153
6.13
6.12
1.152
6.12
6.13
1.152
6.13
7.1
6.13
6.11
6.13
1.1
6.11
6.0
6.1
6.11
7.2
6.11
8.1
7.2
8.1
6.11
6.1
6.12
6.1
1.11
6.1
7.1
6.12
1.11
6.12
7.1
1.11
7.1
6.12
1.123
6.15
1.123
1.122
1.123
6.11
6.15
1.122
6.15
6.11
1.122
6.11
6.13
1.133
7.14
1.133
1.132
1.133
6.15
7.14
1.132
7.14
6.15
1.132
6.15
6.15
1.152
6.12
1.152
6.13
1.152
1.153
6.12
6.13
6.12
1.153
6.13
1.153
6.16
7.14
7.192
7.14
7.191
7.192
7.191
7.1
6.11
1.1
6.11
6.0
1.1
6.0
7.14
6.16
1.14
6.16
6.13
1.14
6.13
7.191
1.1911
6.16
1.1911
1.1912
6.16
1.1912
7.192
1.1922
1.1921
1.1922
6.16
1.1921
6.16
6.1
6.11
8.1
6.11
7.2
8.1
7.2
6.11
6.1
6.12
6.1
7.1
6.1
1.11
6.12
7.1
6.12
1.11
7.1
1.11
6.12
1.123
8.15
1.123
6.11
1.123
1.122
8.15
6.11
8.15
1.122
6.11
1.122
7.1
1.1
6.11
6.0
1.1
6.11
6.0
8.15
1.15
6.12
6.1
6.11
8.1
6.11
7.2
8.1
7.2
6.11
6.1
6.12
6.1
7.1
6.1
1.11
6.12
7.1
6.12
1.11
7.1
1.11
6.12
1.12
6.152
1.12
6.11
1.12
8.151
6.152
6.11
6.152
8.151
6.11
8.151
6.152
6.12
1.1523
6.12
1.1522
6.12
1.1521
1.1523
1.1522
1.1523
1.1521
1.1522
1.1521
7.1
1.1
6.11
6.0
1.1
6.11
6.0
8.151
6.12
1.151
6.1
6.11
7.2
6.11
8.1
7.2
8.1
6.11
6.1
6.12
6.1
1.11
6.1
7.1
6.12
1.11
6.12
7.1
1.11
7.1
6.12
6.15
1.122
6.15
1.123
6.15
6.11
1.122
1.123
1.122
6.11
1.123
6.11
6.131
7.141
1.131
7.141
6.15
1.131
6.15
6.132
6.15
6.142
6.15
6.143
6.142
6.143
6.142
7.141
6.132
7.141
6.162
6.132
6.162
6.143
6.163
6.132
6.163
1.143
6.132
1.143
6.15
6.132
6.12
6.132
6.131
6.12
6.131
6.192
1.192
6.162
1.192
6.163
6.162
6.163
6.162
1.162
6.192
1.162
6.142
6.192
6.142
6.163
1.163
6.143
1.163
6.192
6.143
6.192
7.1
6.11
1.1
6.11
6.0
1.1
6.0
7.141
6.142
1.141
6.142
6.131
1.141
6.131
6.1
6.11
7.2
6.11
8.1
7.2
8.1
6.11
6.1
6.12
6.1
1.11
6.1
7.1
6.12
1.11
6.12
7.1
1.11
7.1
6.12
1.123
6.15
1.123
1.122
1.123
6.11
6.15
1.122
6.15
6.11
1.122
6.11
6.131
6.15
1.131
6.15
6.141
1.131
6.141
6.132
6.142
1.132
6.142
6.15
1.132
6.15
6.141
6.16
1.141
6.16
6.131
1.141
6.131
6.142
6.16
1.142
6.16
6.132
1.142
6.132
6.15
6.131
6.12
6.131
6.132
6.12
6.132
6.16
6.142
8.19
6.142
6.141
8.19
6.141
7.1
1.1
6.11
6.0
1.1
6.11
6.0
8.19
1.19
6.16
6.1
8.1
7.2
8.1
6.11
7.2
6.11
6.11
6.12
7.1
6.12
1.11
6.12
6.1
7.1
1.11
7.1
6.1
1.11
6.1
6.12
1.12
6.151
1.12
6.11
1.12
6.152
6.151
6.11
6.151
6.152
6.11
6.152
6.151
6.12
1.1513
6.12
1.1512
6.12
1.1511
1.1513
1.1512
1.1513
1.1511
1.1512
1.1511
6.152
6.12
1.1521
6.12
1.1523
6.12
1.1522
1.1521
1.1523
1.1521
1.1522
1.1523
1.1522
7.1
1.1
6.11
6.0
1.1
6.11
6.0
